34010000
34020002
34030003
34030004
34050005
34060006
00854821
11200002
34010001
3401ffff
00224821
11290003
34010001
00000000
3401ffff
00204821
11210004
34010001
00000000
00000000
3401ffff
00430821
00000000
10220002
00000000
3401000c
00430821
00221823
00431021
00000000
10220002
00000000
3401000c
00430821
00411823
00430823
00000000
00221823
00430823
00000000
00411821
34420064
00000000
10430002
00000000
3401000c
34210064
00411823
20420064
00000000
10620002
00000000
3401000c
20420064
00221821
34420064
00000000
00411821
3c020064
00000000
00221821
ac020000
8c020000
00000000
00401821
8c020000
00000000
00021823
8c020000
ac020004
8c020000
00431821
8c020000
00622023
8c020000
34023140
00000000
00400008
00000000
3401000c
8c020000
00000000
10440002
00000000
3401000c
00402021
34043168
00800008
00000000
3401000c
00402021
10a40002
00000000
3401000c
3404318c
20893000
00800008
00000000
3401000c
00000000
3484ffff
10a40002
00000000
3401000c
